70,527
649,53,696,97
0,0,18,600
782,0,800,600
0,574,800,600
300,199,416,219
499,51,505,130,collante
498,163,504,231,collante
536,165,626,189
642,113,660,120,glissante
98,249,218,267
263,300,334,317
340,221,416,226,collante
200,55,224,161,collante
429,289,492,294,glissante
362,345,458,369
174,390,344,395
14,404,36,430
36,429,75,461
75,461,127,491
127,491,220,500
220,433,328,500
329,432,344,501
344,477,386,501
386,477,408,485
408,485,438,492
438,492,488,500
488,459,510,500
344,373,406,394,collante
70,333,190,343,collante
2,264,7,358,collante
518,470,574,476,glissante
623,471,635,500,glissante
579,523,596,544,glissante
524,547,546,563,glissante
463,561,504,572,glissante